country	geonames_id	#bird_species	#_bird_obs
Afghanistan	1149361	285	11480
Albania	783754	240	3223
Algeria	2589581	326	7658
Andorra	3041565	151	20571
Angola	3351879	934	12269
Antigua_and_Barbuda	3576396	101	4948
Argentina	3865483	1212	677832
Armenia	174982	245	5385
Aruba	3577279	214	14392
Australia	2077456	861	3999264
Austria	2782113	428	1155919
Azerbaijan	587116	317	3172
Bahrain	290291	167	1657
Bangladesh	1210997	262	1284
Barbados	3374084	131	7368
Belarus	630336	269	13372
Belgium	2802361	441	2904556
Belize	3582678	607	476063
Benin	2395170	418	7756
Bermuda	3573345	366	71472
Bhutan	1252634	628	42381
Bolivia	3923057	1683	243394
Bosnia_and_Herzegovina	3277605	254	5107
Botswana	933860	680	275032
Brazil	3469034	2028	741393
Brunei	1820814	186	870
Bulgaria	732800	349	19280
Burkina_Faso	2361809	315	2606
Burundi	433561	424	3284
Cambodia	1831722	599	51053
Cameroon	2233387	975	27493
Canada	6251999	876	20424137
Cape_Verde	3374766	80	775
Central_African_Republic	239880	516	4967
Chad	2434508	344	2102
Chile	3895114	555	883164
Colombia	3686110	2174	1559552
Comoros	921929	63	278
Cook_Islands	1899402	0	0
Costa_Rica	3624060	1131	2202182
Croatia	3202326	344	20990
Cuba	3562981	278	58756
Curacao	7626836	55	191
Cyprus	146669	260	8333
Czech_Republic	3077311	294	25795
Democratic_Republic_of_the_Congo	203312	1305	137022
Denmark	2623032	513	8051977
Djibouti	223816	134	294
Dominica	3575830	124	12628
Dominican_Republic	3508796	292	72051
Ecuador	3658394	1912	1288839
Egypt	357994	401	19791
El_Salvador	3585968	605	132837
Equatorial_Guinea	2309096	319	5153
Eritrea	338010	258	1078
Estonia	453733	357	379070
Ethiopia	337996	892	55184
Faroe_Islands	2622320	83	3308
Federated_States_of_Micronesia	2081918	83	1804
Fiji	2205218	98	17847
Finland	660013	548	11838276
France	3017382	632	2586786
Gabon	2400553	550	6370
Georgia	614540	213	3767
Germany	2921044	716	6368937
Ghana	2300660	767	61111
Greece	390903	417	76154
Grenada	3580239	109	10657
Guatemala	3595528	838	332890
Guinea_Bissau	2372248	172	877
Guinea	2420477	524	5204
Guyana	3378535	881	65472
Haiti	3723988	223	19316
Honduras	3608932	171	3808
Hungary	719819	345	65936
Iceland	2629691	247	254857
India	1269750	1491	916826
Indonesia	1643084	1849	134995
Iran	130758	470	39381
Iraq	99237	266	8964
Ireland	2963597	384	1230289
Israel	294640	499	397581
Italy	3175395	478	109851
Ivory_Coast	2287781	613	37423
Jamaica	3489940	265	136532
Japan	1861060	452	57580
Jordan	248816	318	10205
Kazakhstan	1522867	427	24405
Kenya	192950	1300	266441
Kiribati	4030945	30	145
Kuwait	285570	412	59275
Kyrgyzstan	1527747	297	3371
Laos	1655842	591	6634
Latvia	458258	266	13557
Lebanon	272103	135	1909
Lesotho	932692	379	48298
Liberia	2275384	452	6303
Libya	2215636	191	1921
Liechtenstein	3042058	86	377
Lithuania	597427	255	8900
Luxembourg	2960313	237	106162
Macau	1821275	81	363
Madagascar	1062947	304	79260
Malawi	927384	755	93040
Malaysia	1733045	976	166905
Maldives	1282028	63	318
Mali	2453866	299	2080
Malta	2562770	116	621
Marshall_Islands	2080185	52	1402
Mauritania	2378080	452	23305
Mauritius	934292	87	7043
Mexico	3996063	1550	5502383
Moldova	617790	182	2023
Monaco	2993457	77	447
Mongolia	2029969	426	31310
Montenegro	3194884	280	4910
Morocco	2542007	398	98104
Mozambique	1036973	806	61353
Myanmar	1327865	926	21175
Namibia	3355338	817	516359
Nauru	2110425	1	3
Nepal	1282988	913	55008
Netherlands	2750405	549	523604
New_Zealand	2186224	447	608576
Nicaragua	3617476	822	176979
Niger	2440476	324	3028
Nigeria	2328926	739	22282
Niue	4036232	17	69
North_Korea	1873107	189	1144
Norway	3144096	587	25705771
Oman	286963	407	26063
Pakistan	1168579	518	5686
Palau	1559582	129	10564
Palestine	6254930	293	15464
Panama	3703430	1092	802837
Papua_New_Guinea	2088628	903	117336
Paraguay	3437598	809	159664
China	1814991	1433	112070
Peru	3932488	2076	1085130
Philippines	1694008	383	8679
Poland	798544	390	1392168
Portugal	2264397	533	837097
Qatar	289688	249	10380
Macedonia	718075	260	12555
Republic_of_the_Congo	2260494	355	907
Romania	798549	349	32847
Russia	2017370	685	77074
Rwanda	49518	659	15193
Saint_Kitts_and_Nevis	3575174	61	3233
Saint_Lucia	3576468	119	13574
Saint_Vincent_and_the_Grenadines	3577815	38	253
Samoa	4034894	77	3997
San_Marino	3168068	23	48
Sao_Tome_and_Principe	2410758	131	5799
Saudi_Arabia	102358	433	42639
Senegal	2245662	585	54496
Serbia	6290252	310	54410
Seychelles	241170	122	6721
Sierra_Leone	2403846	507	5322
Singapore	1880251	378	25076
Sint_Maarten	7609695	47	203
Slovakia	3057568	253	9022
Slovenia	3190538	264	4845
Solomon_Islands	2103350	154	2616
Somalia	51537	279	793
South_Africa	953987	1179	12470535
South_Korea	1835841	430	41759
South_Sudan	7909807	199	628
Spain	2510769	604	3087206
Sri_Lanka	1227603	435	61456
Sudan	366755	430	4402
Suriname	3382998	722	25988
Swaziland	934841	570	244751
Sweden	2661886	658	63198302
Switzerland	2658434	376	157139
Syria	163843	274	2187
Taiwan	1668284	584	245096
Tajikistan	1220409	78	181
Tanzania	149590	1256	178999
Thailand	1605651	1100	190437
The_Bahamas	3572887	365	121609
The_Gambia	2413451	511	25882
Timor-Leste	1966436	116	560
Togo	2363686	426	7625
Tonga	4032283	72	2624
Trinidad_and_Tobago	3573591	443	206614
Tunisia	2464461	305	6025
Turkey	298795	467	123790
Turkmenistan	1218197	167	531
Tuvalu	2110297	0	0
Uganda	226074	1274	190022
Ukraine	690791	340	50521
United_Arab_Emirates	290557	501	414178
United_Kingdom	2635167	739	6327169
United_States	6252001	1233	65041559
Uruguay	3439705	395	32147
Uzbekistan	1512440	235	2045
Vanuatu	2134431	101	2537
Vatican_City	3164670	37	198
Venezuela	3625428	1456	365376
Vietnam	1562822	966	44277
Yemen	69543	293	1260
Zambia	895949	834	122283
Zimbabwe	878675	799	280013
Puerto_Rico	4566966	376	386331
Mayotte	1024031	41	77
Territory_of_the_French_Southern_and_Antarctic_Lands	1546748	35	1237
Territory_of_Heard_Island_and_McDonald_Islands	1547314	38	14363
Cocos_Islands	1547376	102	918
Christmas_Island	2078138	116	2853
New_Caledonia	2139685	126	5943
Norfolk_Island	2155115	107	3384
Gibraltar	2411586	87	579
Jersey	3042142	202	7279
Isle_of_Man	3042225	154	3023
Guernsey	3042362	122	1025
Saint_Helena_Ascension_and_Tristan_da_Cunha	3370751	56	251
Bouvet_Island	3371123	5	27
French_Guiana	3381670	474	2588
Saint-Pierre_et_Miquelon	3424932	33	83
Greenland	3425505	79	1741
Falkland_Islands	3474414	132	11679
South_Georgia_and_the_South_Sandwich_Islands	3474415	50	3658
Martinique	3570311	119	1780
Anguilla	3573511	95	8352
Turks_and_Caicos_Islands	3576916	158	10770
British_Virgin_Islands	3577718	49	165
Montserrat	3578097	60	12880
Saint_Martin	3578421	113	4259
Saint_Barthelemy	3578476	63	742
Guadeloupe	3579143	189	21359
Cayman_Islands	3580718	244	54350
French_Polynesia	4030656	143	7855
pitcairn_henderson_ducie_and_oeno_islands	4030699	10	18
Tokelau	4031074	0	0
Wallis_et_Futuna	4034749	24	44
Mariana_Islands	4041468	129	6855
Guam	4043988	92	2711
US_Virgin_Islands	4796775	132	7679
US_Minor_Outlying_Islands	5854968	18	54
Caribbean_Netherlands	7626844	67	246
Kosovo	831053	159	820
Reunion	935317	60	1621
